0:0:176,70,188,81,82,83,202,94,214,105:1010001010
1:0:60,177,71,189,82,83,202,94,214,105:0101001010
2:0:60,61,62,63,180,74,192,203,95,215:0000101101
3:0:176,70,71,189,82,201,93,94,95,215:1001010001
4:0:60,177,71,189,82,201,93,94,95,215:0101010001
5:1:119,130,141,152,49,164,175,186,197,208:1111000000
6:1:119,130,141,152,163,174,69,186,197,208:1111110000
7:1:119,130,141,152,163,174,185,79,197,208:1111111000
8:1:119,130,141,39,153,164,175,186,197,208:1110000000
9:1:119,130,141,152,163,174,185,196,89,208:1111111100
10:2:3,4,5,6,7,8,9,120:00000000
11:2:3,114,14,15,16,17,18,19:01000000
12:2:3,4,5,6,7,118,18,19:00000100
13:2:3,4,115,15,16,17,18,19:00100000
14:3:176,187,198,90,91,211:111001
15:3:60,177,188,81,200,211:011011
16:3:176,70,188,199,91,211:101101
17:3:176,70,188,199,210,101:101110
18:3:176,187,80,199,91,211:110101
19:4:132,30,144,155,166,177,188,81,200,211:1011111011
20:4:132,143,154,50,166,177,188,199,210,101:1110111110
21:4:132,143,154,165,176,187,80,199,91,211:1111110101
22:4:20,133,144,155,166,61,178,189,200,211:0111101111
23:4:132,143,154,165,60,177,71,189,200,211:1111010111
24:5:110,121,20,21,134,145,156,52,53,169,64,181,75,193,86,205,97,98,99:1100111001010101000
25:5:0,1,112,12,124,135,33,147,158,169,64,181,192,85,204,96,97,98,99:0010110111011010000
26:5:0,111,11,12,124,135,146,43,158,54,170,65,66,67,68,69,186,197,208:0100111010100000000
27:5:110,10,11,12,124,23,24,137,35,149,160,171,182,76,194,87,88,207,99:1000100101111010010
28:5:110,121,132,143,40,41,42,43,44,159,55,56,57,173,184,78,196,89,208:1111000001000110100
29:6:20,133,31,32,33,34,148,159,170,65,66,67,184,78,79:010000111000100
30:6:20,133,144,41,42,43,44,45,46,161,172,67,184,78,79:011000000110100
31:6:132,30,31,145,42,43,158,169,180,74,75,76,77,78,79:100100111000000
32:6:20,133,144,41,42,43,44,45,160,56,57,58,59,175,186:011000001000000
33:6:20,133,31,32,33,34,35,36,37,151,48,163,174,69,186:010000000101100
34:7:80,199,91,92,212:01001
35:7:198,90,91,211,102:10010
36:7:80,199,91,211,102:01010
37:7:198,209,100,101,102:11000
38:7:80,199,210,101,102:01100
39:8:5,116,127,26,27,140,151,48,49,164:0110011000
40:8:115,15,16,128,27,28,141,39,153,164:1001001000
41:8:115,15,127,26,27,28,141,39,153,164:1010001000
42:8:5,116,127,26,139,150,161,57,58,59:0110111000
43:8:5,6,117,17,18,130,141,152,163,59:0010011110
44:9:0,1,2,3,4,5,116,16,17,18,19:00000010000
45:9:0,1,2,3,4,5,6,7,118,18,19:00000000100
46:9:0,1,2,3,4,115,15,16,17,18,19:00000100000
47:9:0,1,2,3,4,5,6,7,8,9,120:00000000000
48:9:0,1,2,113,13,14,15,16,17,18,19:00010000000
49:10:0,111,122,21,134,32,33,34,35,149,160,56,57,173,184,195,206,217:011010000110011111
50:10:0,1,112,123,22,23,24,137,148,159,170,181,192,85,86,205,216,107:001100011111100110
51:10:0,1,112,12,124,23,24,137,148,159,55,171,182,193,204,96,97,217:001010011101111001
52:10:0,1,112,12,124,23,136,147,158,169,180,191,202,213,104,105,106,107:001010111111110000
53:10:0,1,112,12,124,135,33,34,148,45,160,56,172,67,184,195,206,217:001011001010101111
54:11:0,1,2,113,13,125,24,137,35,36,37,38,152,49:00010101000010
55:11:0,1,112,12,13,14,15,16,128,139,37,38,39,153:00100000110000
56:11:110,10,122,21,22,135,33,34,148,45,46,47,48,49:10100100100000
57:11:110,10,11,123,22,23,24,25,138,36,37,38,39,153:10010000100000
58:11:0,111,11,123,22,23,24,25,26,139,37,38,152,49:01010000010010
59:12:1,112,123,134,145,156,167,62,179,73,74,192,85,86,205,216:0111111010010011
60:12:111,122,21,22,135,146,43,44,159,55,171,182,76,194,205,216:1100110010110111
61:12:111,122,21,134,145,156,52,53,54,55,171,182,193,204,215,106:1101110000111110
62:12:111,122,133,144,155,51,167,62,179,190,201,93,94,214,105,106:1111101011100100
63:12:111,11,12,124,23,136,34,148,159,170,65,182,193,204,96,216:1001010111011101
64:13:80,81,82,83,84,85,86,87,88,89:0000000000
65:14:176,187,198,209:1111
66:15:40,155,166,61,62,63,180,74,75,76,77,195,88,89,208,219:0110001000010000
67:15:40,41,42,157,168,179,73,74,75,76,194,87,206,98,99,219:0001110000101000
68:15:40,155,51,52,53,169,64,65,182,76,194,205,97,98,99,219:0100010010110000
69:15:40,155,166,61,62,179,190,83,202,213,104,105,106,107,108,109:0110011011000000
70:15:40,41,156,52,53,54,170,65,182,193,86,205,97,98,218,109:0010001011010010
71:16:118,129,140,151,162,58,174,185,196,207,218:11111011111
72:16:118,129,140,151,162,173,68,185,196,207,218:11111101111
73:16:118,129,140,151,48,163,174,185,196,207,218:11110111111
74:16:118,18,130,141,152,163,174,185,196,207,218:10111111111
75:16:118,129,140,151,162,173,184,78,196,207,218:11111110111
76:17:132,30,31,145,156,52,53,54,55,56,172,67,184,78,196,89,208:10011000001010100
77:17:132,30,31,32,146,43,44,159,55,171,66,67,184,78,196,89,208:10001001010010100
78:17:20,133,144,41,42,43,44,159,55,171,182,76,77,78,196,207,99:01100001011000110
79:17:132,143,40,41,156,167,62,63,180,74,75,193,86,87,206,98,99:11001100100100100
80:17:132,30,144,41,156,52,168,179,190,83,202,94,95,96,97,98,99:10101011101000000
81:18:50,51,167,62,63,64,65,66,67,68,69,186,197:0010000000000
82:18:165,60,177,71,72,73,74,75,76,77,195,88,89:1010000000100
83:18:165,60,61,178,72,73,74,75,76,77,78,196,89:1001000000010
84:18:50,51,52,53,54,55,56,172,67,68,185,79,197:0000000100100
85:18:50,51,52,53,54,55,56,172,183,77,195,88,89:0000000110100
86:19:40,41,42,43,44,159,55,56,172,183,77,195,88,207,99:000001001101010
87:19:154,50,166,61,62,63,64,181,75,76,194,87,206,98,99:101000010010100
88:19:40,41,156,52,53,54,55,171,182,193,86,205,97,98,99:001000011101000
89:19:40,41,156,52,53,54,55,56,172,67,184,78,79,197,208:001000001010000
90:19:154,165,60,61,62,63,64,181,192,85,86,87,88,207,99:110000011000010
91:20:116,16,17,18,130,141,152,163,59:100011110
92:20:116,127,138,149,160,56,57,58,59:111110000
93:20:116,16,128,27,28,141,152,49,164:101001100
94:20:6,7,118,129,140,38,152,163,59:001110110
95:20:116,16,128,27,140,151,162,58,59:101011100
96:21:114,125,136,34,148,45,160,171,182,76,77,195,206,217,108:111010111001110
97:21:4,115,126,137,148,159,170,65,182,193,86,205,97,98,218:011111101101001
98:21:4,115,15,127,138,149,160,171,182,193,86,87,206,98,218:010111111100101
99:21:114,14,126,137,148,159,170,65,66,183,77,195,88,207,218:101111100101011
100:21:114,125,136,147,158,169,180,74,75,76,194,87,88,207,218:111111100010011
101:22:118,18,130,141,152,163,174,69,186,197,208,219:101111100000
102:22:118,129,140,151,48,163,174,69,186,197,208,219:111101100000
103:22:118,129,140,151,162,173,184,78,196,207,99,219:111111101100
104:22:118,129,140,151,48,163,174,185,79,197,208,219:111101110000
105:22:118,129,28,29,142,153,164,175,186,197,208,219:110000000000
106:23:9,120,131,142,153,164:000000
107:23:119,130,141,152,49,164:111100
108:23:119,130,141,39,153,164:111000
109:24:3,114,125,136,147,158,169,180,191,202,213:01111111111
110:24:113,124,135,146,157,168,179,190,83,202,213:11111111011
111:24:113,124,23,136,147,158,169,180,191,202,213:11011111111
112:24:113,124,135,146,157,168,179,73,191,202,213:11111110111
113:24:113,124,135,146,157,168,63,180,191,202,213:11111101111
114:25:110,121,132,143,154,165,176,187,80,199,210:11111111011
115:25:110,121,132,143,154,165,60,177,188,199,210:11111101111
116:25:110,121,20,133,144,155,166,177,188,199,210:11011111111
117:25:110,121,132,30,144,155,166,177,188,199,210:11101111111
118:25:110,121,132,143,40,155,166,177,188,199,210:11110111111
119:26:114,125,136,147,158,169,180,191,202,213:1111111111
120:27:90,91,92,93,213,104,105:0000100
121:27:209,100,101,102,103,104,105:1000000
122:27:90,91,92,93,94,95,215:0000001
123:27:90,91,211,102,103,104,105:0010000
124:28:176,70,188,81,200,92,93,94,95,215,106,107,108:1010100001000
125:28:176,187,198,90,210,101,102,103,104,105,106,107,108:1110100000000
126:28:60,61,62,63,180,74,75,193,204,96,97,98,218:0000100110001
127:28:60,61,62,179,190,83,84,85,204,96,97,98,218:0001100010001
128:28:176,70,71,72,73,191,84,203,95,96,97,217,108:1000010100010
129:29:176,187,80,199,91,211,102:1101010
130:29:60,177,188,199,210,101,102:0111100
131:29:176,70,188,81,82,201,212:1010011
132:29:176,70,71,189,200,211,102:1001110
133:29:60,177,71,189,200,211,102:0101110
134:30:1,112,12,124,135,33,34,35,36,150,161,57,173,68,185,196,89,208:010110000110101100
135:30:111,11,123,22,23,24,137,35,36,37,151,162,58,59,175,186,197,208:101000100011000000
136:30:1,2,113,13,125,136,34,35,36,150,47,48,49,164,175,186,197,208:001011000100000000
137:30:111,11,12,124,23,24,137,35,149,46,47,162,173,68,69,186,197,208:100100101001100000
138:30:1,112,123,22,135,33,147,44,159,170,65,66,67,184,195,206,98,99:011010101100011100
139:31:4,5,6,117,128,139,37,38,39,153,164:00011100000
140:31:114,14,15,127,138,36,150,161,57,58,59:10011011000
141:31:114,14,126,25,26,27,140,151,48,163,59:10100011010
142:31:114,14,126,25,26,27,28,141,39,153,164:10100001000
143:31:114,14,126,137,35,36,37,38,152,49,164:10110000100
144:32:0,1,2,113,13,14,15,16,17,18,130,29:000100000010
145:32:0,1,2,3,4,5,116,16,17,18,19,131:000000100000
146:32:0,111,11,12,13,125,24,25,26,27,28,29:010001000000
147:32:0,1,2,3,4,5,116,16,17,18,130,29:000000100010
148:32:0,111,11,12,124,23,24,25,26,27,28,29:010010000000
149:33:50,166,61,62,179,73,191,84,85,86,205,97,98,99:01001010001000
150:33:165,176,187,80,81,82,83,84,203,95,96,97,98,99:11100000100000
151:33:165,60,61,62,63,180,74,192,203,95,96,97,98,99:10000101100000
152:33:50,51,52,168,63,64,181,75,193,86,87,88,89,208:00010010100000
153:33:50,51,52,53,169,64,65,66,67,68,185,196,89,208:00001000001100
154:34:100,101,102,103,104:00000
155:35:0,1,2,3,114,125,136,147,44,159,55,171,66,67,68,69,186,197:000011110101000000
156:35:110,10,122,21,22,23,24,137,148,45,160,56,172,67,184,78,196,89:101000011010101010
157:35:0,1,2,113,13,125,136,34,35,36,37,38,39,153,164,175,186,197:000101100000000000
158:35:0,1,112,12,124,23,136,147,44,45,46,47,48,163,174,185,196,89:001010110000011110
159:35:0,111,11,123,22,23,24,25,26,139,150,161,172,183,77,195,88,89:010100000111110100
160:36:7,8,9,120:0000
161:36:7,118,18,19:0100
162:37:80,81,82,83,202,94,95,96,97,98,99:00001000000
163:37:198,90,91,92,93,94,95,96,97,98,99:10000000000
164:37:80,199,91,92,93,94,95,96,97,98,99:01000000000
165:37:80,81,200,92,93,94,95,96,97,98,99:00100000000
166:37:80,81,82,83,84,85,86,205,97,98,99:00000001000
167:38:20,133,31,32,146,157,53,54,55,56,57,58,59:0100110000000
168:38:20,133,31,32,33,34,35,36,150,47,162,58,59:0100000010100
169:38:20,21,22,23,24,137,35,36,150,47,162,58,59:0000010010100
170:38:20,133,31,32,33,34,35,149,46,161,57,58,59:0100000101000
171:38:132,30,31,32,146,43,158,54,55,56,57,58,59:1000101000000
172:39:116,127,26,139,37,151,162,173,184,195,206,98,218:1101011111101
173:39:116,127,138,149,160,171,182,193,86,205,216,107,108:1111111101100
174:39:6,117,128,139,150,47,162,173,68,185,196,207,218:0111101101111
175:39:116,127,138,149,160,56,172,183,194,205,97,98,218:1111101111001
176:39:6,117,128,139,150,161,172,67,184,195,88,207,218:0111111011011
177:40:187,198,209:111
178:41:9,120,131,142,153:00000
179:41:119,130,141,152,49:11110
180:41:119,19,131,142,153:10000
181:42:20,21,134,32,146,43,158,169,180,191,84,203,95,215,106,107:0010101111010100
182:42:20,133,31,145,156,52,168,63,64,65,66,67,184,195,206,217:0101101000001111
183:42:132,143,40,155,51,52,168,63,64,181,192,203,95,96,97,217:1101001001110001
184:42:20,133,31,32,146,157,168,179,73,74,75,193,86,87,206,217:0100111100010011
185:42:132,30,144,41,42,157,168,63,180,191,84,85,204,96,216,107:1010011011001010
186:43:114,125,136,34,148,159,170,181,75,76,77,195,206,217:11101111000111
187:43:114,125,136,34,148,45,46,161,172,67,184,195,206,217:11101001101111
188:43:114,125,24,25,138,149,46,161,172,183,194,205,97,217:11001101111101
189:43:4,115,126,137,148,159,170,65,182,76,194,87,206,217:01111110101011
190:43:114,125,24,137,148,45,46,47,162,173,184,195,206,217:11011000111111
191:44:120,131,142,153,164,175:000000
192:45:110,10,122,133,144,41,42,43,44,159,55,171,182,193,204,215,106,107,108:1011100001011111000
193:45:0,111,122,21,22,23,136,147,158,169,64,65,182,193,86,205,216,107,108:0110001111001101100
194:45:0,111,11,123,134,32,33,147,158,169,64,181,192,85,86,205,97,217,108:0101100111011001010
195:45:0,111,11,123,134,32,146,157,53,54,170,181,75,76,194,205,97,98,218:0101101100110011001
196:45:110,10,122,133,31,145,42,43,44,159,170,65,182,76,77,195,206,98,218:1011010001101001101
197:46:40,41,42,43,44,45,46,47,48,49:0000000000
198:47:176,187,198,209,100:11110
199:47:176,70,188,199,210:10111
200:47:60,177,188,199,210:01111
201:48:7,118,129,140,151,162,173,184,78,196,207,218:011111110111
202:48:7,118,129,140,38,152,163,174,185,196,207,218:011101111111
203:48:117,128,27,140,151,162,58,174,185,196,207,218:110111011111
204:48:117,128,139,37,151,162,173,184,78,196,207,218:111011110111
205:48:7,118,18,130,141,152,163,174,185,196,207,218:010111111111
206:49:110,121,132,143,154,165,176,70,71,72,73,191,202,213:11111110000111
207:49:110,10,122,133,31,145,156,167,178,189,82,201,93,213:10110111110101
208:49:110,10,11,123,134,32,146,157,168,63,180,191,202,213:10011011101111
209:49:110,10,11,123,134,32,146,157,168,179,190,201,212,103:10011011111110
210:49:110,121,132,30,144,155,166,61,62,179,190,201,212,103:11101110011110
211:50:30,144,41,156,52,168,179,73,74,75,193,204,96,216:01010110001101
212:50:30,31,32,146,43,44,45,160,171,182,76,194,205,216:00010001110111
213:50:30,144,155,51,167,178,72,73,74,75,193,86,205,216:01101100001011
214:50:143,40,155,166,61,62,63,180,191,202,94,95,96,216:10110001110001
215:50:30,144,155,51,167,62,179,190,83,84,203,214,105,106:01101011001100
216:51:187,198,209,100,101,102,103,104,105:111000000
217:51:187,80,81,200,92,212,103,104,105:100101000
218:51:187,198,90,91,211,102,103,104,105:110010000
219:51:70,188,199,91,211,102,103,104,105:011010000
220:51:70,71,189,200,211,102,103,104,105:001110000
221:52:70,71,72,73,74,192,203,214,105,106:0000011100
222:52:70,71,72,190,201,93,94,95,215,106:0001100010
223:52:70,71,189,200,92,212,103,104,105,106:0011010000
224:52:187,80,81,82,201,93,94,95,96,216:1000100001
225:52:70,71,189,200,92,93,94,214,105,106:0011000100
226:53:4,115,15,127,138,149,46,47,48,163,59,175:010111000100
227:53:114,125,24,25,26,139,150,161,172,67,68,69:110001111000
228:53:4,115,126,137,148,45,160,56,57,58,174,69:011110100010
229:53:114,125,136,34,148,45,46,161,57,173,68,69:111010010100
230:53:114,14,15,16,128,139,150,47,48,49,164,175:100011100000
231:54:165,176,187,198,209,100:111110
232:54:50,166,177,188,199,210:011111
233:54:165,176,70,188,199,210:110111
234:55:80,81,82,201,93,213:000101
235:55:198,90,91,211,102,103:100100
236:55:198,90,91,92,212,103:100010
237:55:80,81,200,211,102,103:001100
238:55:198,90,91,92,93,213:100001
239:56:50,51,52,168,63,64,65,66,67,184,78,79:000100000100
240:56:50,51,52,53,54,170,65,66,67,68,185,79:000001000010
241:56:50,51,167,62,63,64,65,182,76,77,78,79:001000010000
242:56:50,51,167,62,63,64,65,66,183,77,78,79:001000001000
243:56:165,60,61,62,63,64,65,66,67,68,69,186:100000000000
244:57:4,5,116,16,17,129,28,141,39,153,164,175,186,197,208,219:0010010100000000
245:57:114,125,136,34,148,159,170,65,182,76,194,87,88,207,218,109:1110111010100110
246:57:4,115,126,137,35,149,46,47,48,163,174,69,186,197,208,219:0111010001100000
247:57:114,14,126,137,35,149,160,56,172,183,194,87,88,207,99,219:1011011011100100
248:57:114,14,126,25,26,27,140,151,162,173,184,195,88,207,99,219:1010001111110100
249:58:1,2,3,114,14,126,137,148,45,160,56,172,183,77,78,196,207,218:000101110101100111
250:58:111,11,123,22,23,136,34,35,149,46,161,172,183,194,205,97,217,108:101001001011111010
251:58:111,122,21,22,135,33,34,35,149,160,171,66,183,194,87,88,207,218:110010001110110011
252:58:1,2,113,124,23,24,25,138,149,160,56,57,173,68,185,196,207,218:001100011100101111
253:58:1,112,12,124,23,136,34,35,36,150,161,172,183,194,205,97,98,218:010101000111111001
254:59:111,11,12,13,14,15,16,128,139,37,38,152,163,174,185,79:1000000110011110
255:59:111,122,133,31,32,146,157,168,63,64,65,182,76,77,78,79:1110011100010000
256:59:111,11,123,22,23,136,147,44,45,46,161,172,183,77,78,79:1010011000111000
257:59:1,112,123,22,23,24,137,35,36,150,161,172,67,68,69,186:0110001001110000
258:59:111,11,123,134,32,146,157,53,54,55,56,57,173,184,78,79:1011011000001100
259:60:100,101,102,103,104,105,106,107,108,109:0000000000
260:61:90,91,211:001
261:61:209,100,101:100
262:62:20,21,22,135,33,34,35,36,37,38,39:00010000000
263:62:20,21,22,23,24,25,26,27,28,29,142:00000000000
264:62:20,21,134,32,33,34,35,36,37,38,39:00100000000
265:62:132,30,31,32,33,34,35,36,37,38,39:10000000000
266:62:20,21,22,23,24,137,35,36,37,38,39:00000100000
267:63:120,131,142,153:0000
268:64:60,177,71,72,190,83,202,213:01001011
269:64:176,187,80,199,210,101,102,103:11011000
270:64:176,70,71,189,82,201,93,213:10010101
271:64:176,187,80,81,200,92,93,213:11001001
272:64:60,61,178,72,190,201,212,103:00101110
273:65:2,113,13,14,15,127,138,149,160,171,66,67,184,78,196,207,99:01000111110010110
274:65:112,123,22,135,33,34,148,45,46,161,172,67,184,78,79,197,208:11010010011010000
275:65:112,12,13,125,136,147,158,54,55,171,182,193,86,87,88,207,99:10011110011100010
276:65:2,113,124,23,136,34,148,45,160,56,57,58,174,185,79,197,208:01101010100011000
277:65:2,3,4,5,116,16,128,139,150,47,162,58,59,175,186,197,208:00001011101000000
278:66:40,41,42,43,44,45,160,56,172,183,194,205,97,217,108:000000101111010
279:66:154,50,166,61,178,189,82,201,93,94,214,105,106,107,108:101011010010000
280:66:40,155,51,52,53,169,64,65,182,76,77,195,88,207,218:010001001001011
281:66:40,155,166,61,178,72,73,74,75,193,86,205,97,98,218:011010000101001
282:66:154,50,51,167,178,72,73,74,192,203,95,96,97,98,218:100110001100001
283:67:30,31,32,33,147,158,54,170,181,192,85,86,205,97,217:000011011100101
284:67:30,144,155,51,52,168,179,190,83,202,94,95,215,106,107:011001110100100
285:67:143,40,155,166,177,71,189,82,201,93,94,95,96,216,107:101110101000010
286:67:143,40,41,42,157,53,54,170,181,75,76,194,87,206,217:100010011001011
287:67:143,154,50,51,167,178,189,200,92,93,94,95,215,106,107:110011110000100
288:68:1,2,3,4,5,6,7,8,9:000000000
289:69:1,112,12,13,125,24,25,138,36,37,38,39,153,164,175:010010010000000
290:69:111,122,133,144,41,42,43,44,45,46,47,48,49,164,175:111100000000000
291:69:111,122,21,134,32,33,147,158,54,55,56,57,58,174,69:110100110000010
292:69:111,11,12,124,23,136,34,35,36,150,47,162,58,174,69:100101000101010
293:69:111,11,123,22,23,136,147,44,45,160,56,172,67,68,69:101001100101000
294:70:100,101,102,103,104,105,106:0000000
295:71:70,71,189,200,92,93,94,95,96,97,98,218,109:0011000000010
296:71:187,80,199,91,92,212,103,104,105,106,107,108,109:1010010000000
297:71:187,198,90,91,92,93,94,95,96,97,98,99,219:1100000000000
298:71:187,80,199,91,92,93,94,95,96,97,98,218,109:1010000000010
299:71:70,71,189,82,83,84,85,204,96,97,98,218,109:0010000100010
300:72:115,15,16,128,139,150,161,172,67,184,195,206,98,218:10011111011101
301:72:115,126,25,138,149,46,161,172,183,194,87,206,217,108:11011011110110
302:72:115,126,137,35,149,46,47,162,173,68,185,196,207,218:11101001101111
303:72:115,126,137,148,45,46,161,172,183,77,195,206,98,218:11110011101101
304:72:115,126,137,35,149,160,56,172,183,194,87,206,98,218:11101101110101
305:73:70,188,81,82,201,93,94,214,105,106,107,108:010010010000
306:73:70,71,72,190,83,84,85,86,205,97,98,218:000100001001
307:73:70,71,72,73,74,75,76,77,195,206,98,218:000000001101
308:73:70,71,72,73,74,192,203,95,96,97,217,108:000001100010
309:73:187,198,90,91,211,102,103,104,105,106,107,108:110010000000
310:74:113,13,125,136,34,148,45,46,47,48,163,174,69,186,197:101101000011000
311:74:113,124,23,24,25,26,139,150,161,57,58,59,175,186,197:110000111000000
312:74:3,4,115,15,127,26,27,140,151,162,173,184,78,79,197:001010011111000
313:74:3,114,14,126,137,148,45,160,56,172,67,68,69,186,197:010111010100000
314:74:3,114,14,126,137,148,159,55,171,66,183,194,87,88,89:010111101011000
315:75:60,61,62,63,64,65,66,67,68,69:0000000000
316:76:90,91,92,93,94,214:000001
317:76:90,91,92,212,103,104:000100
318:76:90,91,92,93,213,104:000010
319:77:111,122,21,22,23,24,25,26,139,37,38,39,153:1100000010000
320:77:1,2,3,114,14,15,127,26,139,37,38,39,153:0001001010000
321:77:1,2,113,13,125,136,34,35,36,37,151,48,49:0010110000100
322:77:1,2,3,4,5,116,16,128,27,140,151,48,49:0000010101100
323:77:111,11,12,124,23,24,25,26,27,28,141,152,49:1001000000110
324:78:30,144,41,156,52,168,179,73,74,192,203,214:010101100111
325:78:143,154,165,60,177,71,72,190,83,202,213,104:111010010110
326:78:30,31,145,42,157,168,63,64,181,192,203,214:001011001111
327:78:30,144,155,166,61,178,189,200,92,93,213,104:011101110010
328:78:143,40,155,51,167,62,63,180,191,202,94,214:101010011101
329:79:198,90,210:101
330:79:80,199,210:011
331:79:198,209,100:110
